{
  "0": [{"cam_R_m2c": [1.0, 0.0, 0.0, 0.0, -1.0, -0.0, 0.0, 0.0, -1.0], "cam_t_m2c": [-0.0, 0.0, 850.0], "obj_id": 1}],
  "1": [{"cam_R_m2c": [-0.52573111, 0.85065081, 0.0, 0.84825128, 0.52424812, -0.07505775, -0.06384793, -0.03946019, -0.99717919], "cam_t_m2c": [-0.0, 0.0, 850.0], "obj_id": 1}],
  "2": [{"cam_R_m2c": [-1.0, 0.0, 0.0, 0.0, 0.99702918, -0.07702474, 0.0, -0.07702474, -0.99702918], "cam_t_m2c": [-0.0, 0.0, 850.0], "obj_id": 1}],
  "3": [{"cam_R_m2c": [-0.52573111, -0.85065081, 0.0, -0.84825128, 0.52424812, -0.07505775, 0.06384793, -0.03946019, -0.99717919], "cam_t_m2c": [0.0, 0.0, 850.0], "obj_id": 1}],
  "4": [{"cam_R_m2c": [0.52573111, -0.85065081, 0.0, -0.84825128, -0.52424812, -0.07505775, 0.06384793, 0.03946019, -0.99717919], "cam_t_m2c": [-0.0, 0.0, 850.0], "obj_id": 1}],
  "5": [{"cam_R_m2c": [1.0, 0.0, 0.0, 0.0, -0.99702918, -0.07702474, 0.0, 0.07702474, -0.99702918], "cam_t_m2c": [-0.0, 0.0, 850.0], "obj_id": 1}],
  "6": [{"cam_R_m2c": [0.52573111, 0.85065081, 0.0, 0.84825128, -0.52424812, -0.07505775, -0.06384793, 0.03946019, -0.99717919], "cam_t_m2c": [0.0, 0.0, 850.0], "obj_id": 1}],
  "7": [{"cam_R_m2c": [0.0, 1.0, 0.0, 0.99149419, 0.0, -0.13015093, -0.13015093, 0.0, -0.99149419], "cam_t_m2c": [-0.0, 0.0, 850.0], "obj_id": 1}],
  "8": [{"cam_R_m2c": [-0.52573111, 0.85065081, 0.0, 0.84069996, 0.51958115, -0.152509, -0.12973191, -0.08017873, -0.98830208], "cam_t_m2c": [-0.0, 0.0, 850.0], "obj_id": 1}],
  "9": [{"cam_R_m2c": [-0.88014643, 0.47470228, 0.0, 0.47044219, 0.87224779, -0.13367102, -0.06345394, -0.11765007, -0.99102576], "cam_t_m2c": [-0.0, 0.0, 850.0], "obj_id": 1}],
  "10": [{"cam_R_m2c": [-1.0, 0.0, 0.0, 0.0, 0.98827312, -0.15269659, 0.0, -0.15269659, -0.98827312], "cam_t_m2c": [-0.0, 0.0, 850.0], "obj_id": 1}],
  "11": [{"cam_R_m2c": [-0.88014643, -0.47470228, 0.0, -0.47044219, 0.87224779, -0.13367102, 0.06345394, -0.11765007, -0.99102576], "cam_t_m2c": [0.0, 0.0, 850.0], "obj_id": 1}],
  "12": [{"cam_R_m2c": [-0.52573111, -0.85065081, 0.0, -0.84069996, 0.51958115, -0.152509, 0.12973191, -0.08017873, -0.98830208], "cam_t_m2c": [0.0, 0.0, 850.0], "obj_id": 1}],
  "13": [{"cam_R_m2c": [0.0, -1.0, 0.0, -0.99149419, 0.0, -0.13015093, 0.13015093, 0.0, -0.99149419], "cam_t_m2c": [-0.0, 0.0, 850.0], "obj_id": 1}],
  "14": [{"cam_R_m2c": [0.52573111, -0.85065081, 0.0, -0.84069996, -0.51958115, -0.152509, 0.12973191, 0.08017873, -0.98830208], "cam_t_m2c": [-0.0, 0.0, 850.0], "obj_id": 1}],
  "15": [{"cam_R_m2c": [0.88014643, -0.47470228, 0.0, -0.47044219, -0.87224779, -0.13367102, 0.06345394, 0.11765007, -0.99102576], "cam_t_m2c": [-0.0, 0.0, 850.0], "obj_id": 1}],
  "16": [{"cam_R_m2c": [1.0, 0.0, 0.0, 0.0, -0.98827312, -0.15269659, 0.0, 0.15269659, -0.98827312], "cam_t_m2c": [-0.0, 0.0, 850.0], "obj_id": 1}],
  "17": [{"cam_R_m2c": [0.88014643, 0.47470228, 0.0, 0.47044219, -0.87224779, -0.13367102, -0.06345394, 0.11765007, -0.99102576], "cam_t_m2c": [0.0, 0.0, 850.0], "obj_id": 1}],
  "18": [{"cam_R_m2c": [0.52573111, 0.85065081, 0.0, 0.84069996, -0.51958115, -0.152509, -0.12973191, 0.08017873, -0.98830208], "cam_t_m2c": [0.0, 0.0, 850.0], "obj_id": 1}],
  "19": [{"cam_R_m2c": [-0.20177411, 0.97943209, 0.0, 0.95925036, 0.19761644, -0.20195666, -0.19780283, -0.04074962, -0.97939446], "cam_t_m2c": [-0.0, 0.0, 850.0], "obj_id": 1}],
  "20": [{"cam_R_m2c": [-0.52573111, 0.85065081, 0.0, 0.82764351, 0.51151182, -0.23100189, -0.19650194, -0.12144488, -0.9729533], "cam_t_m2c": [-0.0, 0.0, 850.0], "obj_id": 1}],
  "21": [{"cam_R_m2c": [-0.77743752, 0.62896017, 0.0, 0.6156939, 0.76103951, -0.20430343, -0.12849872, -0.15883315, -0.97890761], "cam_t_m2c": [0.0, 0.0, 850.0], "obj_id": 1}],
  "22": [{"cam_R_m2c": [-0.95142295, 0.30788694, 0.0, 0.30143766, 0.93149359, -0.20360509, -0.06268735, -0.19371455, -0.9790531], "cam_t_m2c": [-0.0, 0.0, 850.0], "obj_id": 1}],
  "23": [{"cam_R_m2c": [-1.0, 0.0, 0.0, 0.0, 0.9741787, -0.22577833, 0.0, -0.22577833, -0.9741787], "cam_t_m2c": [-0.0, 0.0, 850.0], "obj_id": 1}],
  "24": [{"cam_R_m2c": [-0.95142295, -0.30788694, 0.0, -0.30143766, 0.93149359, -0.20360509, 0.06268735, -0.19371455, -0.9790531], "cam_t_m2c": [-0.0, 0.0, 850.0], "obj_id": 1}],
  "25": [{"cam_R_m2c": [-0.77743752, -0.62896017, 0.0, -0.6156939, 0.76103951, -0.20430343, 0.12849872, -0.15883315, -0.97890761], "cam_t_m2c": [-0.0, 0.0, 850.0], "obj_id": 1}],
  "26": [{"cam_R_m2c": [-0.52573111, -0.85065081, 0.0, -0.82764351, 0.51151182, -0.23100189, 0.19650194, -0.12144488, -0.9729533], "cam_t_m2c": [-0.0, 0.0, 850.0], "obj_id": 1}],
  "27": [{"cam_R_m2c": [-0.20177411, -0.97943209, 0.0, -0.95925036, 0.19761644, -0.20195666, 0.19780283, -0.04074962, -0.97939446], "cam_t_m2c": [-0.0, 0.0, 850.0], "obj_id": 1}],
  "28": [{"cam_R_m2c": [0.20177411, -0.97943209, 0.0, -0.95925036, -0.19761644, -0.20195666, 0.19780283, 0.04074962, -0.97939446], "cam_t_m2c": [-0.0, 0.0, 850.0], "obj_id": 1}],
  "29": [{"cam_R_m2c": [0.52573111, -0.85065081, 0.0, -0.82764351, -0.51151182, -0.23100189, 0.19650194, 0.12144488, -0.9729533], "cam_t_m2c": [-0.0, 0.0, 850.0], "obj_id": 1}],
  "30": [{"cam_R_m2c": [0.77743752, -0.62896017, 0.0, -0.6156939, -0.76103951, -0.20430343, 0.12849872, 0.15883315, -0.97890761], "cam_t_m2c": [0.0, 0.0, 850.0], "obj_id": 1}],
  "31": [{"cam_R_m2c": [0.95142295, -0.30788694, 0.0, -0.30143766, -0.93149359, -0.20360509, 0.06268735, 0.19371455, -0.9790531], "cam_t_m2c": [-0.0, 0.0, 850.0], "obj_id": 1}],
  "32": [{"cam_R_m2c": [1.0, 0.0, 0.0, 0.0, -0.9741787, -0.22577833, 0.0, 0.22577833, -0.9741787], "cam_t_m2c": [-0.0, 0.0, 850.0], "obj_id": 1}],
  "33": [{"cam_R_m2c": [0.95142295, 0.30788694, 0.0, 0.30143766, -0.93149359, -0.20360509, -0.06268735, 0.19371455, -0.9790531], "cam_t_m2c": [-0.0, 0.0, 850.0], "obj_id": 1}],
  "34": [{"cam_R_m2c": [0.77743752, 0.62896017, 0.0, 0.6156939, -0.76103951, -0.20430343, -0.12849872, 0.15883315, -0.97890761], "cam_t_m2c": [-0.0, 0.0, 850.0], "obj_id": 1}],
  "35": [{"cam_R_m2c": [0.52573111, 0.85065081, 0.0, 0.82764351, -0.51151182, -0.23100189, -0.19650194, 0.12144488, -0.9729533], "cam_t_m2c": [-0.0, 0.0, 850.0], "obj_id": 1}],
  "36": [{"cam_R_m2c": [0.20177411, 0.97943209, 0.0, 0.95925036, -0.19761644, -0.20195666, -0.19780283, 0.04074962, -0.97939446], "cam_t_m2c": [-0.0, 0.0, 850.0], "obj_id": 1}],
  "37": [{"cam_R_m2c": [0.0, 1.0, 0.0, 0.96386126, 0.0, -0.2664047, -0.2664047, 0.0, -0.96386126], "cam_t_m2c": [-0.0, 0.0, 850.0], "obj_id": 1}],
  "38": [{"cam_R_m2c": [-0.29524181, 0.95542256, 0.0, 0.91779004, 0.28361272, -0.27789435, -0.26550653, -0.08204603, -0.96061164], "cam_t_m2c": [0.0, 0.0, 850.0], "obj_id": 1}],
  "39": [{"cam_R_m2c": [-0.52573111, 0.85065081, 0.0, 0.80901699, 0.5, -0.30901699, -0.26286556, -0.16245985, -0.95105652], "cam_t_m2c": [-0.0, 0.0, 850.0], "obj_id": 1}],
  "40": [{"cam_R_m2c": [-0.71749744, 0.69656114, 0.0, 0.66900746, 0.68911559, -0.27847571, -0.19397536, -0.19980561, -0.96044327], "cam_t_m2c": [-0.0, 0.0, 850.0], "obj_id": 1}],
  "41": [{"cam_R_m2c": [-0.88014643, 0.47470228, 0.0, 0.45753155, 0.84831015, -0.2665235, -0.12651931, -0.23457971, -0.96382842], "cam_t_m2c": [-0.0, 0.0, 850.0], "obj_id": 1}],
  "42": [{"cam_R_m2c": [-0.97431034, 0.22520961, 0.0, 0.2166248, 0.93717044, -0.27346893, -0.06158783, -0.26644361, -0.96188084], "cam_t_m2c": [-0.0, 0.0, 850.0], "obj_id": 1}],
  "43": [{"cam_R_m2c": [-1.0, 0.0, 0.0, 0.0, 0.95542256, -0.29524181, 0.0, -0.29524181, -0.95542256], "cam_t_m2c": [-0.0, 0.0, 850.0], "obj_id": 1}],
  "44": [{"cam_R_m2c": [-0.97431034, -0.22520961, 0.0, -0.2166248, 0.93717044, -0.27346893, 0.06158783, -0.26644361, -0.96188084], "cam_t_m2c": [0.0, 0.0, 850.0], "obj_id": 1}],
  "45": [{"cam_R_m2c": [-0.88014643, -0.47470228, 0.0, -0.45753155, 0.84831015, -0.2665235, 0.12651931, -0.23457971, -0.96382842], "cam_t_m2c": [0.0, 0.0, 850.0], "obj_id": 1}],
  "46": [{"cam_R_m2c": [-0.71749744, -0.69656114, 0.0, -0.66900746, 0.68911559, -0.27847571, 0.19397536, -0.19980561, -0.96044327], "cam_t_m2c": [-0.0, 0.0, 850.0], "obj_id": 1}],
  "47": [{"cam_R_m2c": [-0.52573111, -0.85065081, 0.0, -0.80901699, 0.5, -0.30901699, 0.26286556, -0.16245985, -0.95105652], "cam_t_m2c": [-0.0, 0.0, 850.0], "obj_id": 1}],
  "48": [{"cam_R_m2c": [-0.29524181, -0.95542256, 0.0, -0.91779004, 0.28361272, -0.27789435, 0.26550653, -0.08204603, -0.96061164], "cam_t_m2c": [-0.0, 0.0, 850.0], "obj_id": 1}],
  "49": [{"cam_R_m2c": [0.0, -1.0, 0.0, -0.96386126, 0.0, -0.2664047, 0.2664047, 0.0, -0.96386126], "cam_t_m2c": [-0.0, 0.0, 850.0], "obj_id": 1}],
  "50": [{"cam_R_m2c": [0.29524181, -0.95542256, 0.0, -0.91779004, -0.28361272, -0.27789435, 0.26550653, 0.08204603, -0.96061164], "cam_t_m2c": [0.0, 0.0, 850.0], "obj_id": 1}],
  "51": [{"cam_R_m2c": [0.52573111, -0.85065081, 0.0, -0.80901699, -0.5, -0.30901699, 0.26286556, 0.16245985, -0.95105652], "cam_t_m2c": [-0.0, 0.0, 850.0], "obj_id": 1}],
  "52": [{"cam_R_m2c": [0.71749744, -0.69656114, 0.0, -0.66900746, -0.68911559, -0.27847571, 0.19397536, 0.19980561, -0.96044327], "cam_t_m2c": [-0.0, 0.0, 850.0], "obj_id": 1}],
  "53": [{"cam_R_m2c": [0.88014643, -0.47470228, 0.0, -0.45753155, -0.84831015, -0.2665235, 0.12651931, 0.23457971, -0.96382842], "cam_t_m2c": [-0.0, 0.0, 850.0], "obj_id": 1}],
  "54": [{"cam_R_m2c": [0.97431034, -0.22520961, 0.0, -0.2166248, -0.93717044, -0.27346893, 0.06158783, 0.26644361, -0.96188084], "cam_t_m2c": [-0.0, 0.0, 850.0], "obj_id": 1}],
  "55": [{"cam_R_m2c": [1.0, 0.0, 0.0, 0.0, -0.95542256, -0.29524181, 0.0, 0.29524181, -0.95542256], "cam_t_m2c": [-0.0, 0.0, 850.0], "obj_id": 1}],
  "56": [{"cam_R_m2c": [0.97431034, 0.22520961, 0.0, 0.2166248, -0.93717044, -0.27346893, -0.06158783, 0.26644361, -0.96188084], "cam_t_m2c": [0.0, 0.0, 850.0], "obj_id": 1}],
  "57": [{"cam_R_m2c": [0.88014643, 0.47470228, 0.0, 0.45753155, -0.84831015, -0.2665235, -0.12651931, 0.23457971, -0.96382842], "cam_t_m2c": [0.0, 0.0, 850.0], "obj_id": 1}],
  "58": [{"cam_R_m2c": [0.71749744, 0.69656114, 0.0, 0.66900746, -0.68911559, -0.27847571, -0.19397536, 0.19980561, -0.96044327], "cam_t_m2c": [-0.0, 0.0, 850.0], "obj_id": 1}],
  "59": [{"cam_R_m2c": [0.52573111, 0.85065081, 0.0, 0.80901699, -0.5, -0.30901699, -0.26286556, 0.16245985, -0.95105652], "cam_t_m2c": [-0.0, 0.0, 850.0], "obj_id": 1}],
  "60": [{"cam_R_m2c": [0.29524181, 0.95542256, 0.0, 0.91779004, -0.28361272, -0.27789435, -0.26550653, 0.08204603, -0.96061164], "cam_t_m2c": [-0.0, 0.0, 850.0], "obj_id": 1}],
  "61": [{"cam_R_m2c": [-0.12267321, 0.99244712, 0.0, 0.93450613, 0.11551131, -0.33668299, -0.33414006, -0.04130198, -0.94161806], "cam_t_m2c": [-0.0, 0.0, 850.0], "obj_id": 1}],
  "62": [{"cam_R_m2c": [-0.34768538, 0.93761126, 0.0, 0.87690846, 0.32517554, -0.3539667, -0.33188316, -0.12306904, -0.93525803], "cam_t_m2c": [-0.0, 0.0, 850.0], "obj_id": 1}],
  "63": [{"cam_R_m2c": [-0.52573111, 0.85065081, 0.0, 0.78507861, 0.48520527, -0.38500315, -0.32750324, -0.20240813, -0.92291526], "cam_t_m2c": [-0.0, 0.0, 850.0], "obj_id": 1}],
  "64": [{"cam_R_m2c": [-0.67985212, 0.73334923, 0.0, 0.68622856, 0.63616886, -0.35267483, -0.25863382, -0.23976673, -0.93574594], "cam_t_m2c": [-0.0, 0.0, 850.0], "obj_id": 1}],
  "65": [{"cam_R_m2c": [-0.82175528, 0.56984056, 0.0, 0.53710394, 0.77454648, -0.33406154, -0.19036181, -0.27451683, -0.94255127], "cam_t_m2c": [-0.0, 0.0, 850.0], "obj_id": 1}],
  "66": [{"cam_R_m2c": [-0.92702849, 0.3749909, 0.0, 0.35393222, 0.87496856, -0.33039672, -0.12389577, -0.30628718, -0.94384215], "cam_t_m2c": [-0.0, 0.0, 850.0], "obj_id": 1}],
  "67": [{"cam_R_m2c": [-0.98422079, 0.17694474, 0.0, 0.16638643, 0.92549222, -0.34026416, -0.06020796, -0.33489506, -0.94032989], "cam_t_m2c": [0.0, 0.0, 850.0], "obj_id": 1}],
  "68": [{"cam_R_m2c": [-1.0, 0.0, 0.0, 0.0, 0.93282711, -0.36032429, 0.0, -0.36032429, -0.93282711], "cam_t_m2c": [-0.0, 0.0, 850.0], "obj_id": 1}],
  "69": [{"cam_R_m2c": [-0.98422079, -0.17694474, 0.0, -0.16638643, 0.92549222, -0.34026416, 0.06020796, -0.33489506, -0.94032989], "cam_t_m2c": [-0.0, 0.0, 850.0], "obj_id": 1}],
  "70": [{"cam_R_m2c": [-0.92702849, -0.3749909, 0.0, -0.35393222, 0.87496856, -0.33039672, 0.12389577, -0.30628718, -0.94384215], "cam_t_m2c": [-0.0, 0.0, 850.0], "obj_id": 1}],
  "71": [{"cam_R_m2c": [-0.82175528, -0.56984056, 0.0, -0.53710394, 0.77454648, -0.33406154, 0.19036181, -0.27451683, -0.94255127], "cam_t_m2c": [-0.0, 0.0, 850.0], "obj_id": 1}],
  "72": [{"cam_R_m2c": [-0.67985212, -0.73334923, 0.0, -0.68622856, 0.63616886, -0.35267483, 0.25863382, -0.23976673, -0.93574594], "cam_t_m2c": [0.0, 0.0, 850.0], "obj_id": 1}],
  "73": [{"cam_R_m2c": [-0.52573111, -0.85065081, 0.0, -0.78507861, 0.48520527, -0.38500315, 0.32750324, -0.20240813, -0.92291526], "cam_t_m2c": [-0.0, 0.0, 850.0], "obj_id": 1}],
  "74": [{"cam_R_m2c": [-0.34768538, -0.93761126, 0.0, -0.87690846, 0.32517554, -0.3539667, 0.33188316, -0.12306904, -0.93525803], "cam_t_m2c": [-0.0, 0.0, 850.0], "obj_id": 1}],
  "75": [{"cam_R_m2c": [-0.12267321, -0.99244712, 0.0, -0.93450613, 0.11551131, -0.33668299, 0.33414006, -0.04130198, -0.94161806], "cam_t_m2c": [-0.0, 0.0, 850.0], "obj_id": 1}],
  "76": [{"cam_R_m2c": [0.12267321, -0.99244712, 0.0, -0.93450613, -0.11551131, -0.33668299, 0.33414006, 0.04130198, -0.94161806], "cam_t_m2c": [-0.0, 0.0, 850.0], "obj_id": 1}],
  "77": [{"cam_R_m2c": [0.34768538, -0.93761126, 0.0, -0.87690846, -0.32517554, -0.3539667, 0.33188316, 0.12306904, -0.93525803], "cam_t_m2c": [-0.0, 0.0, 850.0], "obj_id": 1}],
  "78": [{"cam_R_m2c": [0.52573111, -0.85065081, 0.0, -0.78507861, -0.48520527, -0.38500315, 0.32750324, 0.20240813, -0.92291526], "cam_t_m2c": [-0.0, 0.0, 850.0], "obj_id": 1}],
  "79": [{"cam_R_m2c": [0.67985212, -0.73334923, 0.0, -0.68622856, -0.63616886, -0.35267483, 0.25863382, 0.23976673, -0.93574594], "cam_t_m2c": [-0.0, 0.0, 850.0], "obj_id": 1}],
  "80": [{"cam_R_m2c": [0.82175528, -0.56984056, 0.0, -0.53710394, -0.77454648, -0.33406154, 0.19036181, 0.27451683, -0.94255127], "cam_t_m2c": [-0.0, 0.0, 850.0], "obj_id": 1}],
  "81": [{"cam_R_m2c": [0.92702849, -0.3749909, 0.0, -0.35393222, -0.87496856, -0.33039672, 0.12389577, 0.30628718, -0.94384215], "cam_t_m2c": [-0.0, 0.0, 850.0], "obj_id": 1}],
  "82": [{"cam_R_m2c": [0.98422079, -0.17694474, 0.0, -0.16638643, -0.92549222, -0.34026416, 0.06020796, 0.33489506, -0.94032989], "cam_t_m2c": [0.0, 0.0, 850.0], "obj_id": 1}],
  "83": [{"cam_R_m2c": [1.0, 0.0, 0.0, 0.0, -0.93282711, -0.36032429, 0.0, 0.36032429, -0.93282711], "cam_t_m2c": [-0.0, 0.0, 850.0], "obj_id": 1}],
  "84": [{"cam_R_m2c": [0.98422079, 0.17694474, 0.0, 0.16638643, -0.92549222, -0.34026416, -0.06020796, 0.33489506, -0.94032989], "cam_t_m2c": [-0.0, 0.0, 850.0], "obj_id": 1}],
  "85": [{"cam_R_m2c": [0.92702849, 0.3749909, 0.0, 0.35393222, -0.87496856, -0.33039672, -0.12389577, 0.30628718, -0.94384215], "cam_t_m2c": [-0.0, 0.0, 850.0], "obj_id": 1}],
  "86": [{"cam_R_m2c": [0.82175528, 0.56984056, 0.0, 0.53710394, -0.77454648, -0.33406154, -0.19036181, 0.27451683, -0.94255127], "cam_t_m2c": [-0.0, 0.0, 850.0], "obj_id": 1}],
  "87": [{"cam_R_m2c": [0.67985212, 0.73334923, 0.0, 0.68622856, -0.63616886, -0.35267483, -0.25863382, 0.23976673, -0.93574594], "cam_t_m2c": [0.0, 0.0, 850.0], "obj_id": 1}],
  "88": [{"cam_R_m2c": [0.52573111, 0.85065081, 0.0, 0.78507861, -0.48520527, -0.38500315, -0.32750324, 0.20240813, -0.92291526], "cam_t_m2c": [-0.0, 0.0, 850.0], "obj_id": 1}],
  "89": [{"cam_R_m2c": [0.34768538, 0.93761126, 0.0, 0.87690846, -0.32517554, -0.3539667, -0.33188316, 0.12306904, -0.93525803], "cam_t_m2c": [-0.0, 0.0, 850.0], "obj_id": 1}],
  "90": [{"cam_R_m2c": [0.12267321, 0.99244712, 0.0, 0.93450613, -0.11551131, -0.33668299, -0.33414006, 0.04130198, -0.94161806], "cam_t_m2c": [-0.0, 0.0, 850.0], "obj_id": 1}],
  "91": [{"cam_R_m2c": [0.0, 1.0, 0.0, 0.91609203, 0.0, -0.40096808, -0.40096808, 0.0, -0.91609203], "cam_t_m2c": [-0.0, 0.0, 850.0], "obj_id": 1}],
  "92": [{"cam_R_m2c": [-0.20177411, 0.97943209, 0.0, 0.89420435, 0.18421623, -0.40799873, -0.39960705, -0.08232358, -0.91298249], "cam_t_m2c": [-0.0, 0.0, 850.0], "obj_id": 1}],
  "93": [{"cam_R_m2c": [-0.38095372, 0.92459411, 0.0, 0.8356856, 0.3443214, -0.42786954, -0.39560566, -0.16299849, -0.9038405], "cam_t_m2c": [-0.0, 0.0, 850.0], "obj_id": 1}],
  "94": [{"cam_R_m2c": [-0.52573111, 0.85065081, 0.0, 0.75639506, 0.46747786, -0.45752701, -0.38919572, -0.24053618, -0.88919572], "cam_t_m2c": [-0.0, 0.0, 850.0], "obj_id": 1}],
  "95": [{"cam_R_m2c": [-0.65431749, 0.75621996, 0.0, 0.68459413, 0.59234341, -0.42480603, -0.3212468, -0.27795802, -0.9052844], "cam_t_m2c": [-0.0, 0.0, 850.0], "obj_id": 1}],
  "96": [{"cam_R_m2c": [-0.77743752, 0.62896017, 0.0, 0.57581451, 0.71174588, -0.40231264, -0.25303862, -0.31277294, -0.91550234], "cam_t_m2c": [-0.0, 0.0, 850.0], "obj_id": 1}],
  "97": [{"cam_R_m2c": [-0.88014643, 0.47470228, 0.0, 0.43681162, 0.80989329, -0.39149516, -0.18584365, -0.34457307, -0.92018016], "cam_t_m2c": [-0.0, 0.0, 850.0], "obj_id": 1}],
  "98": [{"cam_R_m2c": [-0.95142295, 0.30788694, 0.0, 0.28322009, 0.8751982, -0.39219191, -0.12075076, -0.37314038, -0.91988342], "cam_t_m2c": [-0.0, 0.0, 850.0], "obj_id": 1}],
  "99": [{"cam_R_m2c": [-0.98935413, 0.14552805, 0.0, 0.1332053, 0.90557942, -0.4027186, -0.05860685, -0.39843131, -0.91532384], "cam_t_m2c": [0.0, 0.0, 850.0], "obj_id": 1}],
  "100": [{"cam_R_m2c": [-1.0, 0.0, 0.0, 0.0, 0.90727223, -0.42054381, 0.0, -0.42054381, -0.90727223], "cam_t_m2c": [-0.0, 0.0, 850.0], "obj_id": 1}],
  "101": [{"cam_R_m2c": [-0.98935413, -0.14552805, 0.0, -0.1332053, 0.90557942, -0.4027186, 0.05860685, -0.39843131, -0.91532384], "cam_t_m2c": [-0.0, 0.0, 850.0], "obj_id": 1}],
  "102": [{"cam_R_m2c": [-0.95142295, -0.30788694, 0.0, -0.28322009, 0.8751982, -0.39219191, 0.12075076, -0.37314038, -0.91988342], "cam_t_m2c": [-0.0, 0.0, 850.0], "obj_id": 1}],
  "103": [{"cam_R_m2c": [-0.88014643, -0.47470228, 0.0, -0.43681162, 0.80989329, -0.39149516, 0.18584365, -0.34457307, -0.92018016], "cam_t_m2c": [-0.0, 0.0, 850.0], "obj_id": 1}],
  "104": [{"cam_R_m2c": [-0.77743752, -0.62896017, 0.0, -0.57581451, 0.71174588, -0.40231264, 0.25303862, -0.31277294, -0.91550234], "cam_t_m2c": [-0.0, 0.0, 850.0], "obj_id": 1}],
  "105": [{"cam_R_m2c": [-0.65431749, -0.75621996, 0.0, -0.68459413, 0.59234341, -0.42480603, 0.3212468, -0.27795802, -0.9052844], "cam_t_m2c": [-0.0, 0.0, 850.0], "obj_id": 1}],
  "106": [{"cam_R_m2c": [-0.52573111, -0.85065081, 0.0, -0.75639506, 0.46747786, -0.45752701, 0.38919572, -0.24053618, -0.88919572], "cam_t_m2c": [0.0, 0.0, 850.0], "obj_id": 1}],
  "107": [{"cam_R_m2c": [-0.38095372, -0.92459411, 0.0, -0.8356856, 0.3443214, -0.42786954, 0.39560566, -0.16299849, -0.9038405], "cam_t_m2c": [-0.0, 0.0, 850.0], "obj_id": 1}],
  "108": [{"cam_R_m2c": [-0.20177411, -0.97943209, 0.0, -0.89420435, 0.18421623, -0.40799873, 0.39960705, -0.08232358, -0.91298249], "cam_t_m2c": [-0.0, 0.0, 850.0], "obj_id": 1}],
  "109": [{"cam_R_m2c": [0.0, -1.0, 0.0, -0.91609203, 0.0, -0.40096808, 0.40096808, 0.0, -0.91609203], "cam_t_m2c": [-0.0, 0.0, 850.0], "obj_id": 1}],
  "110": [{"cam_R_m2c": [0.20177411, -0.97943209, 0.0, -0.89420435, -0.18421623, -0.40799873, 0.39960705, 0.08232358, -0.91298249], "cam_t_m2c": [-0.0, 0.0, 850.0], "obj_id": 1}],
  "111": [{"cam_R_m2c": [0.38095372, -0.92459411, 0.0, -0.8356856, -0.3443214, -0.42786954, 0.39560566, 0.16299849, -0.9038405], "cam_t_m2c": [-0.0, 0.0, 850.0], "obj_id": 1}],
  "112": [{"cam_R_m2c": [0.52573111, -0.85065081, 0.0, -0.75639506, -0.46747786, -0.45752701, 0.38919572, 0.24053618, -0.88919572], "cam_t_m2c": [-0.0, 0.0, 850.0], "obj_id": 1}],
  "113": [{"cam_R_m2c": [0.65431749, -0.75621996, 0.0, -0.68459413, -0.59234341, -0.42480603, 0.3212468, 0.27795802, -0.9052844], "cam_t_m2c": [-0.0, 0.0, 850.0], "obj_id": 1}],
  "114": [{"cam_R_m2c": [0.77743752, -0.62896017, 0.0, -0.57581451, -0.71174588, -0.40231264, 0.25303862, 0.31277294, -0.91550234], "cam_t_m2c": [-0.0, 0.0, 850.0], "obj_id": 1}],
  "115": [{"cam_R_m2c": [0.88014643, -0.47470228, 0.0, -0.43681162, -0.80989329, -0.39149516, 0.18584365, 0.34457307, -0.92018016], "cam_t_m2c": [-0.0, 0.0, 850.0], "obj_id": 1}],
  "116": [{"cam_R_m2c": [0.95142295, -0.30788694, 0.0, -0.28322009, -0.8751982, -0.39219191, 0.12075076, 0.37314038, -0.91988342], "cam_t_m2c": [-0.0, 0.0, 850.0], "obj_id": 1}],
  "117": [{"cam_R_m2c": [0.98935413, -0.14552805, 0.0, -0.1332053, -0.90557942, -0.4027186, 0.05860685, 0.39843131, -0.91532384], "cam_t_m2c": [0.0, 0.0, 850.0], "obj_id": 1}],
  "118": [{"cam_R_m2c": [1.0, 0.0, 0.0, 0.0, -0.90727223, -0.42054381, 0.0, 0.42054381, -0.90727223], "cam_t_m2c": [-0.0, 0.0, 850.0], "obj_id": 1}],
  "119": [{"cam_R_m2c": [0.98935413, 0.14552805, 0.0, 0.1332053, -0.90557942, -0.4027186, -0.05860685, 0.39843131, -0.91532384], "cam_t_m2c": [-0.0, 0.0, 850.0], "obj_id": 1}],
  "120": [{"cam_R_m2c": [0.95142295, 0.30788694, 0.0, 0.28322009, -0.8751982, -0.39219191, -0.12075076, 0.37314038, -0.91988342], "cam_t_m2c": [-0.0, 0.0, 850.0], "obj_id": 1}],
  "121": [{"cam_R_m2c": [0.88014643, 0.47470228, 0.0, 0.43681162, -0.80989329, -0.39149516, -0.18584365, 0.34457307, -0.92018016], "cam_t_m2c": [-0.0, 0.0, 850.0], "obj_id": 1}],
  "122": [{"cam_R_m2c": [0.77743752, 0.62896017, 0.0, 0.57581451, -0.71174588, -0.40231264, -0.25303862, 0.31277294, -0.91550234], "cam_t_m2c": [-0.0, 0.0, 850.0], "obj_id": 1}],
  "123": [{"cam_R_m2c": [0.65431749, 0.75621996, 0.0, 0.68459413, -0.59234341, -0.42480603, -0.3212468, 0.27795802, -0.9052844], "cam_t_m2c": [-0.0, 0.0, 850.0], "obj_id": 1}],
  "124": [{"cam_R_m2c": [0.52573111, 0.85065081, 0.0, 0.75639506, -0.46747786, -0.45752701, -0.38919572, 0.24053618, -0.88919572], "cam_t_m2c": [0.0, 0.0, 850.0], "obj_id": 1}],
  "125": [{"cam_R_m2c": [0.38095372, 0.92459411, 0.0, 0.8356856, -0.3443214, -0.42786954, -0.39560566, 0.16299849, -0.9038405], "cam_t_m2c": [-0.0, 0.0, 850.0], "obj_id": 1}],
  "126": [{"cam_R_m2c": [0.20177411, 0.97943209, 0.0, 0.89420435, -0.18421623, -0.40799873, -0.39960705, 0.08232358, -0.91298249], "cam_t_m2c": [-0.0, 0.0, 850.0], "obj_id": 1}],
  "127": [{"cam_R_m2c": [-0.08794845, 0.99612503, 0.0, 0.88112318, 0.07779487, -0.46644388, -0.46463643, -0.04102301, -0.88455079], "cam_t_m2c": [-0.0, 0.0, 850.0], "obj_id": 1}],
  "128": [{"cam_R_m2c": [-0.25604236, 0.96666556, 0.0, 0.84936635, 0.22497312, -0.47745565, -0.46153993, -0.12224887, -0.87865585], "cam_t_m2c": [0.0, 0.0, 850.0], "obj_id": 1}],
  "129": [{"cam_R_m2c": [-0.40385184, 0.9148244, 0.0, 0.79334589, 0.3502248, -0.49794064, -0.45552825, -0.20109424, -0.86721112], "cam_t_m2c": [0.0, 0.0, 850.0], "obj_id": 1}],
  "130": [{"cam_R_m2c": [-0.52573111, 0.85065081, 0.0, 0.72377858, 0.44731976, -0.52540423, -0.44693553, -0.27622135, -0.85085275], "cam_t_m2c": [0.0, 0.0, 850.0], "obj_id": 1}],
  "131": [{"cam_R_m2c": [-0.63594447, 0.77173482, 0.0, 0.67128545, 0.55316963, -0.49333478, -0.38072363, -0.31373352, -0.86983952], "cam_t_m2c": [0.0, 0.0, 850.0], "obj_id": 1}],
  "132": [{"cam_R_m2c": [-0.74369791, 0.66851583, 0.0, 0.59048356, 0.65689004, -0.46885461, -0.31343673, -0.34868619, -0.88327536], "cam_t_m2c": [-0.0, 0.0, 850.0], "obj_id": 1}],
  "133": [{"cam_R_m2c": [-0.83951089, 0.54334286, 0.0, 0.48428555, 0.74826232, -0.45339939, -0.24635132, -0.38063373, -0.89130746], "cam_t_m2c": [-0.0, 0.0, 850.0], "obj_id": 1}],
  "134": [{"cam_R_m2c": [-0.91488214, 0.40372102, 0.0, 0.36106188, 0.81821122, -0.44739772, -0.18062387, -0.40931619, -0.8943351], "cam_t_m2c": [0.0, 0.0, 850.0], "obj_id": 1}],
  "135": [{"cam_R_m2c": [-0.96550865, 0.26037097, 0.0, 0.23249514, 0.86213938, -0.45017964, -0.11721371, -0.43465233, -0.89293801], "cam_t_m2c": [-0.0, 0.0, 850.0], "obj_id": 1}],
  "136": [{"cam_R_m2c": [-0.99234318, 0.12351115, 0.0, 0.10965277, 0.88099876, -0.4602363, -0.05684432, -0.45671235, -0.88779646], "cam_t_m2c": [-0.0, 0.0, 850.0], "obj_id": 1}],
  "137": [{"cam_R_m2c": [-1.0, 0.0, 0.0, 0.0, 0.87961848, -0.47567985, 0.0, -0.47567985, -0.87961848], "cam_t_m2c": [-0.0, 0.0, 850.0], "obj_id": 1}],
  "138": [{"cam_R_m2c": [-0.99234318, -0.12351115, 0.0, -0.10965277, 0.88099876, -0.4602363, 0.05684432, -0.45671235, -0.88779646], "cam_t_m2c": [-0.0, 0.0, 850.0], "obj_id": 1}],
  "139": [{"cam_R_m2c": [-0.96550865, -0.26037097, 0.0, -0.23249514, 0.86213938, -0.45017964, 0.11721371, -0.43465233, -0.89293801], "cam_t_m2c": [0.0, 0.0, 850.0], "obj_id": 1}],
  "140": [{"cam_R_m2c": [-0.91488214, -0.40372102, 0.0, -0.36106188, 0.81821122, -0.44739772, 0.18062387, -0.40931619, -0.8943351], "cam_t_m2c": [-0.0, 0.0, 850.0], "obj_id": 1}],
  "141": [{"cam_R_m2c": [-0.83951089, -0.54334286, 0.0, -0.48428555, 0.74826232, -0.45339939, 0.24635132, -0.38063373, -0.89130746], "cam_t_m2c": [0.0, 0.0, 850.0], "obj_id": 1}],
  "142": [{"cam_R_m2c": [-0.74369791, -0.66851583, 0.0, -0.59048356, 0.65689004, -0.46885461, 0.31343673, -0.34868619, -0.88327536], "cam_t_m2c": [-0.0, 0.0, 850.0], "obj_id": 1}],
  "143": [{"cam_R_m2c": [-0.63594447, -0.77173482, 0.0, -0.67128545, 0.55316963, -0.49333478, 0.38072363, -0.31373352, -0.86983952], "cam_t_m2c": [-0.0, 0.0, 850.0], "obj_id": 1}],
  "144": [{"cam_R_m2c": [-0.52573111, -0.85065081, 0.0, -0.72377858, 0.44731976, -0.52540423, 0.44693553, -0.27622135, -0.85085275], "cam_t_m2c": [-0.0, 0.0, 850.0], "obj_id": 1}],
  "145": [{"cam_R_m2c": [-0.40385184, -0.9148244, 0.0, -0.79334589, 0.3502248, -0.49794064, 0.45552825, -0.20109424, -0.86721112], "cam_t_m2c": [-0.0, 0.0, 850.0], "obj_id": 1}],
  "146": [{"cam_R_m2c": [-0.25604236, -0.96666556, 0.0, -0.84936635, 0.22497312, -0.47745565, 0.46153993, -0.12224887, -0.87865585], "cam_t_m2c": [-0.0, 0.0, 850.0], "obj_id": 1}],
  "147": [{"cam_R_m2c": [-0.08794845, -0.99612503, 0.0, -0.88112318, 0.07779487, -0.46644388, 0.46463643, -0.04102301, -0.88455079], "cam_t_m2c": [0.0, 0.0, 850.0], "obj_id": 1}],
  "148": [{"cam_R_m2c": [0.08794845, -0.99612503, 0.0, -0.88112318, -0.07779487, -0.46644388, 0.46463643, 0.04102301, -0.88455079], "cam_t_m2c": [-0.0, 0.0, 850.0], "obj_id": 1}],
  "149": [{"cam_R_m2c": [0.25604236, -0.96666556, 0.0, -0.84936635, -0.22497312, -0.47745565, 0.46153993, 0.12224887, -0.87865585], "cam_t_m2c": [0.0, 0.0, 850.0], "obj_id": 1}],
  "150": [{"cam_R_m2c": [0.40385184, -0.9148244, 0.0, -0.79334589, -0.3502248, -0.49794064, 0.45552825, 0.20109424, -0.86721112], "cam_t_m2c": [0.0, 0.0, 850.0], "obj_id": 1}],
  "151": [{"cam_R_m2c": [0.52573111, -0.85065081, 0.0, -0.72377858, -0.44731976, -0.52540423, 0.44693553, 0.27622135, -0.85085275], "cam_t_m2c": [0.0, 0.0, 850.0], "obj_id": 1}],
  "152": [{"cam_R_m2c": [0.63594447, -0.77173482, 0.0, -0.67128545, -0.55316963, -0.49333478, 0.38072363, 0.31373352, -0.86983952], "cam_t_m2c": [0.0, 0.0, 850.0], "obj_id": 1}],
  "153": [{"cam_R_m2c": [0.74369791, -0.66851583, 0.0, -0.59048356, -0.65689004, -0.46885461, 0.31343673, 0.34868619, -0.88327536], "cam_t_m2c": [-0.0, 0.0, 850.0], "obj_id": 1}],
  "154": [{"cam_R_m2c": [0.83951089, -0.54334286, 0.0, -0.48428555, -0.74826232, -0.45339939, 0.24635132, 0.38063373, -0.89130746], "cam_t_m2c": [-0.0, 0.0, 850.0], "obj_id": 1}],
  "155": [{"cam_R_m2c": [0.91488214, -0.40372102, 0.0, -0.36106188, -0.81821122, -0.44739772, 0.18062387, 0.40931619, -0.8943351], "cam_t_m2c": [0.0, 0.0, 850.0], "obj_id": 1}],
  "156": [{"cam_R_m2c": [0.96550865, -0.26037097, 0.0, -0.23249514, -0.86213938, -0.45017964, 0.11721371, 0.43465233, -0.89293801], "cam_t_m2c": [-0.0, 0.0, 850.0], "obj_id": 1}],
  "157": [{"cam_R_m2c": [0.99234318, -0.12351115, 0.0, -0.10965277, -0.88099876, -0.4602363, 0.05684432, 0.45671235, -0.88779646], "cam_t_m2c": [-0.0, 0.0, 850.0], "obj_id": 1}],
  "158": [{"cam_R_m2c": [1.0, 0.0, 0.0, 0.0, -0.87961848, -0.47567985, 0.0, 0.47567985, -0.87961848], "cam_t_m2c": [-0.0, 0.0, 850.0], "obj_id": 1}],
  "159": [{"cam_R_m2c": [0.99234318, 0.12351115, 0.0, 0.10965277, -0.88099876, -0.4602363, -0.05684432, 0.45671235, -0.88779646], "cam_t_m2c": [-0.0, 0.0, 850.0], "obj_id": 1}],
  "160": [{"cam_R_m2c": [0.96550865, 0.26037097, 0.0, 0.23249514, -0.86213938, -0.45017964, -0.11721371, 0.43465233, -0.89293801], "cam_t_m2c": [0.0, 0.0, 850.0], "obj_id": 1}],
  "161": [{"cam_R_m2c": [0.91488214, 0.40372102, 0.0, 0.36106188, -0.81821122, -0.44739772, -0.18062387, 0.40931619, -0.8943351], "cam_t_m2c": [-0.0, 0.0, 850.0], "obj_id": 1}],
  "162": [{"cam_R_m2c": [0.83951089, 0.54334286, 0.0, 0.48428555, -0.74826232, -0.45339939, -0.24635132, 0.38063373, -0.89130746], "cam_t_m2c": [0.0, 0.0, 850.0], "obj_id": 1}],
  "163": [{"cam_R_m2c": [0.74369791, 0.66851583, 0.0, 0.59048356, -0.65689004, -0.46885461, -0.31343673, 0.34868619, -0.88327536], "cam_t_m2c": [-0.0, 0.0, 850.0], "obj_id": 1}],
  "164": [{"cam_R_m2c": [0.63594447, 0.77173482, 0.0, 0.67128545, -0.55316963, -0.49333478, -0.38072363, 0.31373352, -0.86983952], "cam_t_m2c": [-0.0, 0.0, 850.0], "obj_id": 1}],
  "165": [{"cam_R_m2c": [0.52573111, 0.85065081, 0.0, 0.72377858, -0.44731976, -0.52540423, -0.44693553, 0.27622135, -0.85085275], "cam_t_m2c": [-0.0, 0.0, 850.0], "obj_id": 1}],
  "166": [{"cam_R_m2c": [0.40385184, 0.9148244, 0.0, 0.79334589, -0.3502248, -0.49794064, -0.45552825, 0.20109424, -0.86721112], "cam_t_m2c": [-0.0, 0.0, 850.0], "obj_id": 1}],
  "167": [{"cam_R_m2c": [0.25604236, 0.96666556, 0.0, 0.84936635, -0.22497312, -0.47745565, -0.46153993, 0.12224887, -0.87865585], "cam_t_m2c": [-0.0, 0.0, 850.0], "obj_id": 1}],
  "168": [{"cam_R_m2c": [0.08794845, 0.99612503, 0.0, 0.88112318, -0.07779487, -0.46644388, -0.46463643, 0.04102301, -0.88455079], "cam_t_m2c": [0.0, 0.0, 850.0], "obj_id": 1}],
  "169": [{"cam_R_m2c": [0.0, 1.0, 0.0, 0.85065081, 0.0, -0.52573111, -0.52573111, 0.0, -0.85065081], "cam_t_m2c": [-0.0, 0.0, 850.0], "obj_id": 1}],
  "170": [{"cam_R_m2c": [-0.15269659, 0.98827312, 0.0, 0.83791546, 0.12946506, -0.53022305, -0.52400518, -0.08096325, -0.8478582], "cam_t_m2c": [0.0, 0.0, 850.0], "obj_id": 1}],
  "171": [{"cam_R_m2c": [-0.29524181, 0.95542256, 0.0, 0.80221343, 0.24789758, -0.54313939, -0.51892763, -0.16035746, -0.83964254], "cam_t_m2c": [-0.0, 0.0, 850.0], "obj_id": 1}],
  "172": [{"cam_R_m2c": [-0.42054381, 0.90727223, 0.0, 0.74982875, 0.34756474, -0.56298809, -0.51078346, -0.23676116, -0.82646501], "cam_t_m2c": [0.0, 0.0, 850.0], "obj_id": 1}],
  "173": [{"cam_R_m2c": [-0.52573111, 0.85065081, 0.0, 0.68819096, 0.4253254, -0.58778525, -0.5, -0.30901699, -0.80901699], "cam_t_m2c": [0.0, 0.0, 850.0], "obj_id": 1}],
  "174": [{"cam_R_m2c": [-0.62212097, 0.78292113, 0.0, 0.65014985, 0.5166189, -0.55714458, -0.43620027, -0.34661133, -0.83041551], "cam_t_m2c": [-0.0, 0.0, 850.0], "obj_id": 1}],
  "175": [{"cam_R_m2c": [-0.71749744, 0.69656114, 0.0, 0.58978918, 0.60751626, -0.53204578, -0.37060242, -0.38174148, -0.84671559], "cam_t_m2c": [-0.0, 0.0, 850.0], "obj_id": 1}],
  "176": [{"cam_R_m2c": [-0.80558339, 0.59248241, 0.0, 0.50828857, 0.69110714, -0.51382259, -0.30443084, -0.41392694, -0.85789647], "cam_t_m2c": [-0.0, 0.0, 850.0], "obj_id": 1}],
  "177": [{"cam_R_m2c": [-0.88014643, 0.47470228, 0.0, 0.41023193, 0.76061183, -0.50316936, -0.23885564, -0.44286271, -0.86418783], "cam_t_m2c": [-0.0, 0.0, 850.0], "obj_id": 1}],
  "178": [{"cam_R_m2c": [-0.93682336, 0.34980278, 0.0, 0.30293596, 0.81130712, -0.50001056, -0.17490508, -0.46842157, -0.86601931], "cam_t_m2c": [-0.0, 0.0, 850.0], "obj_id": 1}],
  "179": [{"cam_R_m2c": [-0.97431034, 0.22520961, 0.0, 0.1945707, 0.84175916, -0.50357101, -0.11340903, -0.49063444, -0.86395384], "cam_t_m2c": [0.0, 0.0, 850.0], "obj_id": 1}],
  "180": [{"cam_R_m2c": [-0.99423243, 0.10724679, 0.0, 0.09208418, 0.85366731, -0.51261352, -0.05497616, -0.50965699, -0.85861946], "cam_t_m2c": [0.0, 0.0, 850.0], "obj_id": 1}],
  "181": [{"cam_R_m2c": [-1.0, 0.0, 0.0, 0.0, 0.85065081, -0.52573111, 0.0, -0.52573111, -0.85065081], "cam_t_m2c": [-0.0, 0.0, 850.0], "obj_id": 1}],
  "182": [{"cam_R_m2c": [-0.99423243, -0.10724679, 0.0, -0.09208418, 0.85366731, -0.51261352, 0.05497616, -0.50965699, -0.85861946], "cam_t_m2c": [-0.0, 0.0, 850.0], "obj_id": 1}],
  "183": [{"cam_R_m2c": [-0.97431034, -0.22520961, 0.0, -0.1945707, 0.84175916, -0.50357101, 0.11340903, -0.49063444, -0.86395384], "cam_t_m2c": [-0.0, 0.0, 850.0], "obj_id": 1}],
  "184": [{"cam_R_m2c": [-0.93682336, -0.34980278, 0.0, -0.30293596, 0.81130712, -0.50001056, 0.17490508, -0.46842157, -0.86601931], "cam_t_m2c": [-0.0, 0.0, 850.0], "obj_id": 1}],
  "185": [{"cam_R_m2c": [-0.88014643, -0.47470228, 0.0, -0.41023193, 0.76061183, -0.50316936, 0.23885564, -0.44286271, -0.86418783], "cam_t_m2c": [-0.0, 0.0, 850.0], "obj_id": 1}],
  "186": [{"cam_R_m2c": [-0.80558339, -0.59248241, 0.0, -0.50828857, 0.69110714, -0.51382259, 0.30443084, -0.41392694, -0.85789647], "cam_t_m2c": [0.0, 0.0, 850.0], "obj_id": 1}],
  "187": [{"cam_R_m2c": [-0.71749744, -0.69656114, 0.0, -0.58978918, 0.60751626, -0.53204578, 0.37060242, -0.38174148, -0.84671559], "cam_t_m2c": [0.0, 0.0, 850.0], "obj_id": 1}],
  "188": [{"cam_R_m2c": [-0.62212097, -0.78292113, 0.0, -0.65014985, 0.5166189, -0.55714458, 0.43620027, -0.34661133, -0.83041551], "cam_t_m2c": [-0.0, 0.0, 850.0], "obj_id": 1}],
  "189": [{"cam_R_m2c": [-0.52573111, -0.85065081, 0.0, -0.68819096, 0.4253254, -0.58778525, 0.5, -0.30901699, -0.80901699], "cam_t_m2c": [-0.0, 0.0, 850.0], "obj_id": 1}],
  "190": [{"cam_R_m2c": [-0.42054381, -0.90727223, 0.0, -0.74982875, 0.34756474, -0.56298809, 0.51078346, -0.23676116, -0.82646501], "cam_t_m2c": [-0.0, 0.0, 850.0], "obj_id": 1}],
  "191": [{"cam_R_m2c": [-0.29524181, -0.95542256, 0.0, -0.80221343, 0.24789758, -0.54313939, 0.51892763, -0.16035746, -0.83964254], "cam_t_m2c": [-0.0, 0.0, 850.0], "obj_id": 1}],
  "192": [{"cam_R_m2c": [-0.15269659, -0.98827312, 0.0, -0.83791546, 0.12946506, -0.53022305, 0.52400518, -0.08096325, -0.8478582], "cam_t_m2c": [-0.0, 0.0, 850.0], "obj_id": 1}],
  "193": [{"cam_R_m2c": [0.0, -1.0, 0.0, -0.85065081, 0.0, -0.52573111, 0.52573111, 0.0, -0.85065081], "cam_t_m2c": [-0.0, 0.0, 850.0], "obj_id": 1}],
  "194": [{"cam_R_m2c": [0.15269659, -0.98827312, 0.0, -0.83791546, -0.12946506, -0.53022305, 0.52400518, 0.08096325, -0.8478582], "cam_t_m2c": [0.0, 0.0, 850.0], "obj_id": 1}],
  "195": [{"cam_R_m2c": [0.29524181, -0.95542256, 0.0, -0.80221343, -0.24789758, -0.54313939, 0.51892763, 0.16035746, -0.83964254], "cam_t_m2c": [-0.0, 0.0, 850.0], "obj_id": 1}],
  "196": [{"cam_R_m2c": [0.42054381, -0.90727223, 0.0, -0.74982875, -0.34756474, -0.56298809, 0.51078346, 0.23676116, -0.82646501], "cam_t_m2c": [0.0, 0.0, 850.0], "obj_id": 1}],
  "197": [{"cam_R_m2c": [0.52573111, -0.85065081, 0.0, -0.68819096, -0.4253254, -0.58778525, 0.5, 0.30901699, -0.80901699], "cam_t_m2c": [0.0, 0.0, 850.0], "obj_id": 1}],
  "198": [{"cam_R_m2c": [0.62212097, -0.78292113, 0.0, -0.65014985, -0.5166189, -0.55714458, 0.43620027, 0.34661133, -0.83041551], "cam_t_m2c": [-0.0, 0.0, 850.0], "obj_id": 1}],
  "199": [{"cam_R_m2c": [0.71749744, -0.69656114, 0.0, -0.58978918, -0.60751626, -0.53204578, 0.37060242, 0.38174148, -0.84671559], "cam_t_m2c": [-0.0, 0.0, 850.0], "obj_id": 1}],
  "200": [{"cam_R_m2c": [0.80558339, -0.59248241, 0.0, -0.50828857, -0.69110714, -0.51382259, 0.30443084, 0.41392694, -0.85789647], "cam_t_m2c": [-0.0, 0.0, 850.0], "obj_id": 1}],
  "201": [{"cam_R_m2c": [0.88014643, -0.47470228, 0.0, -0.41023193, -0.76061183, -0.50316936, 0.23885564, 0.44286271, -0.86418783], "cam_t_m2c": [-0.0, 0.0, 850.0], "obj_id": 1}],
  "202": [{"cam_R_m2c": [0.93682336, -0.34980278, 0.0, -0.30293596, -0.81130712, -0.50001056, 0.17490508, 0.46842157, -0.86601931], "cam_t_m2c": [-0.0, 0.0, 850.0], "obj_id": 1}],
  "203": [{"cam_R_m2c": [0.97431034, -0.22520961, 0.0, -0.1945707, -0.84175916, -0.50357101, 0.11340903, 0.49063444, -0.86395384], "cam_t_m2c": [0.0, 0.0, 850.0], "obj_id": 1}],
  "204": [{"cam_R_m2c": [0.99423243, -0.10724679, 0.0, -0.09208418, -0.85366731, -0.51261352, 0.05497616, 0.50965699, -0.85861946], "cam_t_m2c": [0.0, 0.0, 850.0], "obj_id": 1}],
  "205": [{"cam_R_m2c": [1.0, 0.0, 0.0, 0.0, -0.85065081, -0.52573111, 0.0, 0.52573111, -0.85065081], "cam_t_m2c": [-0.0, 0.0, 850.0], "obj_id": 1}],
  "206": [{"cam_R_m2c": [0.99423243, 0.10724679, 0.0, 0.09208418, -0.85366731, -0.51261352, -0.05497616, 0.50965699, -0.85861946], "cam_t_m2c": [-0.0, 0.0, 850.0], "obj_id": 1}],
  "207": [{"cam_R_m2c": [0.97431034, 0.22520961, 0.0, 0.1945707, -0.84175916, -0.50357101, -0.11340903, 0.49063444, -0.86395384], "cam_t_m2c": [-0.0, 0.0, 850.0], "obj_id": 1}],
  "208": [{"cam_R_m2c": [0.93682336, 0.34980278, 0.0, 0.30293596, -0.81130712, -0.50001056, -0.17490508, 0.46842157, -0.86601931], "cam_t_m2c": [-0.0, 0.0, 850.0], "obj_id": 1}],
  "209": [{"cam_R_m2c": [0.88014643, 0.47470228, 0.0, 0.41023193, -0.76061183, -0.50316936, -0.23885564, 0.44286271, -0.86418783], "cam_t_m2c": [-0.0, 0.0, 850.0], "obj_id": 1}],
  "210": [{"cam_R_m2c": [0.80558339, 0.59248241, 0.0, 0.50828857, -0.69110714, -0.51382259, -0.30443084, 0.41392694, -0.85789647], "cam_t_m2c": [0.0, 0.0, 850.0], "obj_id": 1}],
  "211": [{"cam_R_m2c": [0.71749744, 0.69656114, 0.0, 0.58978918, -0.60751626, -0.53204578, -0.37060242, 0.38174148, -0.84671559], "cam_t_m2c": [0.0, 0.0, 850.0], "obj_id": 1}],
  "212": [{"cam_R_m2c": [0.62212097, 0.78292113, 0.0, 0.65014985, -0.5166189, -0.55714458, -0.43620027, 0.34661133, -0.83041551], "cam_t_m2c": [-0.0, 0.0, 850.0], "obj_id": 1}],
  "213": [{"cam_R_m2c": [0.52573111, 0.85065081, 0.0, 0.68819096, -0.4253254, -0.58778525, -0.5, 0.30901699, -0.80901699], "cam_t_m2c": [-0.0, 0.0, 850.0], "obj_id": 1}],
  "214": [{"cam_R_m2c": [0.42054381, 0.90727223, 0.0, 0.74982875, -0.34756474, -0.56298809, -0.51078346, 0.23676116, -0.82646501], "cam_t_m2c": [-0.0, 0.0, 850.0], "obj_id": 1}],
  "215": [{"cam_R_m2c": [0.29524181, 0.95542256, 0.0, 0.80221343, -0.24789758, -0.54313939, -0.51892763, 0.16035746, -0.83964254], "cam_t_m2c": [-0.0, 0.0, 850.0], "obj_id": 1}],
  "216": [{"cam_R_m2c": [0.15269659, 0.98827312, 0.0, 0.83791546, -0.12946506, -0.53022305, -0.52400518, 0.08096325, -0.8478582], "cam_t_m2c": [-0.0, 0.0, 850.0], "obj_id": 1}],
  "217": [{"cam_R_m2c": [-0.0685091, 0.99765049, 0.0, 0.81035087, 0.05564715, -0.58329655, -0.58192609, -0.03996112, -0.81225928], "cam_t_m2c": [-0.0, 0.0, 850.0], "obj_id": 1}],
  "218": [{"cam_R_m2c": [-0.20177411, 0.97943209, 0.0, 0.79051933, 0.16285594, -0.59038727, -0.57824424, -0.11912486, -0.80712011], "cam_t_m2c": [0.0, 0.0, 850.0], "obj_id": 1}],
  "219": [{"cam_R_m2c": [-0.32474328, 0.9458022, 0.0, 0.75392521, 0.25886189, -0.60381065, -0.57108544, -0.19608345, -0.79712778], "cam_t_m2c": [-0.0, 0.0, 850.0], "obj_id": 1}],
  "220": [{"cam_R_m2c": [-0.4332387, 0.90127922, 0.0, 0.70553182, 0.33914428, -0.62225879, -0.56082891, -0.26958659, -0.7828116], "cam_t_m2c": [-0.0, 0.0, 850.0], "obj_id": 1}],
  "221": [{"cam_R_m2c": [-0.52573111, 0.85065081, 0.0, 0.64872083, 0.40093152, -0.64685021, -0.55024366, -0.34006928, -0.76261707], "cam_t_m2c": [0.0, 0.0, 850.0], "obj_id": 1}],
  "222": [{"cam_R_m2c": [-0.61517369, 0.78839161, 0.0, 0.62046799, 0.48414466, -0.61694686, -0.48639572, -0.37952948, -0.78700481], "cam_t_m2c": [-0.0, 0.0, 850.0], "obj_id": 1}],
  "223": [{"cam_R_m2c": [-0.70411075, 0.71009017, 0.0, 0.57260648, 0.56778476, -0.59139013, -0.41994032, -0.41640415, -0.80638558], "cam_t_m2c": [-0.0, 0.0, 850.0], "obj_id": 1}],
  "224": [{"cam_R_m2c": [-0.78757753, 0.61621558, 0.0, 0.50565912, 0.64627667, -0.57152018, -0.35217964, -0.45011645, -0.82058801], "cam_t_m2c": [0.0, 0.0, 850.0], "obj_id": 1}],
  "225": [{"cam_R_m2c": [-0.86044754, 0.50953904, 0.0, 0.42277455, 0.71393021, -0.55818038, -0.2844147, -0.48028493, -0.82971963], "cam_t_m2c": [0.0, 0.0, 850.0], "obj_id": 1}],
  "226": [{"cam_R_m2c": [-0.91870964, 0.39493365, 0.0, 0.32942488, 0.76632065, -0.55157221, -0.21783443, -0.50673471, -0.83412715], "cam_t_m2c": [-0.0, 0.0, 850.0], "obj_id": 1}],
  "227": [{"cam_R_m2c": [-0.96048469, 0.27833281, 0.0, 0.23222173, 0.80136231, -0.55126356, -0.15343474, -0.52948022, -0.83433116], "cam_t_m2c": [-0.0, 0.0, 850.0], "obj_id": 1}],
